{
 "cells": [
  {
   "cell_type": "markdown",
   "id": "d03c81f2-2dcf-4d80-9319-ba95c5ea9bf6",
   "metadata": {},
   "source": [
    "# Exercise 01\n",
    "\n",
    "Build a regression model with the `boston_house` dataset here\n",
    "\n",
    "```\n",
    "Variables in order:\n",
    " CRIM     per capita crime rate by town\n",
    " ZN       proportion of residential land zoned for lots over 25,000 sq.ft.\n",
    " INDUS    proportion of non-retail business acres per town\n",
    " CHAS     Charles River dummy variable (= 1 if tract bounds river; 0 otherwise)\n",
    " NOX      nitric oxides concentration (parts per 10 million)\n",
    " RM       average number of rooms per dwelling\n",
    " AGE      proportion of owner-occupied units built prior to 1940\n",
    " DIS      weighted distances to five Boston employment centres\n",
    " RAD      index of accessibility to radial highways\n",
    " TAX      full-value property-tax rate per $10,000\n",
    " PTRATIO  pupil-teacher ratio by town\n",
    " B        1000(Bk - 0.63)^2 where Bk is the proportion of blacks by town\n",
    " LSTAT    % lower status of the population\n",
    " MEDV     Median value of owner-occupied homes in $1000's  (THIS IS THE TARGET)\n",
    "```"
   ]
  },
  {
   "cell_type": "code",
   "execution_count": 1,
   "id": "c226dace-68bd-4f9a-b144-a31c87cee6d6",
   "metadata": {},
   "outputs": [],
   "source": [
    "import pandas as pd\n",
    "import numpy as np\n",
    "\n",
    "data_url = \"http://lib.stat.cmu.edu/datasets/boston\"\n",
    "raw_df = pd.read_csv(data_url, sep=\"\\s+\", skiprows=22, header=None)\n",
    "data = np.hstack([raw_df.values[::2, :], raw_df.values[1::2, :2]])\n",
    "target = raw_df.values[1::2, 2]"
   ]
  },
  {
   "cell_type": "code",
   "execution_count": 5,
   "id": "09c4d29d-4d82-467a-b1bd-9ee678384f3f",
   "metadata": {},
   "outputs": [],
   "source": [
    "columns = [\n",
    "    \"CRIM\",\n",
    "    \"ZN\",\n",
    "    \"INDUS\",\n",
    "    \"CHAS\",\n",
    "    \"NOX\",\n",
    "    \"RM\",\n",
    "    \"AGE\",\n",
    "    \"DIS\",\n",
    "    \"RAD\",\n",
    "    \"TAX\",\n",
    "    \"PTRATIO\",\n",
    "    \"B\",\n",
    "    \"LSTAT\"\n",
    "]"
   ]
  },
  {
   "cell_type": "code",
   "execution_count": 15,
   "id": "52ab94f7-15f7-4adb-8cf6-aef1b6d1ab4f",
   "metadata": {},
   "outputs": [],
   "source": [
    "# Suggestion: First build a DataFrame incorporation column names...\n",
    "X = pd.DataFrame(data, columns=columns)\n",
    "y = pd.Series(target, name=\"MEDV\")\n",
    "data = pd.concat([X, y], axis=1)"
   ]
  },
  {
   "cell_type": "markdown",
   "id": "792ee81f-669c-4eb2-aebd-c8d984d72949",
   "metadata": {},
   "source": [
    "# **Let's go**"
   ]
  },
  {
   "cell_type": "code",
   "execution_count": 88,
   "id": "4f8bfae3-770b-4f27-b865-3f1618c3c7dd",
   "metadata": {},
   "outputs": [],
   "source": [
    "import plotly.express as px\n",
    "import plotly.graph_objects as go\n",
    "import plotly.figure_factory as ff\n",
    "\n",
    "from sklearn.model_selection import train_test_split\n",
    "from sklearn.preprocessing import StandardScaler\n",
    "from sklearn.metrics import r2_score, mean_squared_error, mean_absolute_error, mean_absolute_percentage_error"
   ]
  },
  {
   "cell_type": "markdown",
   "id": "d3b82b73-4650-4e84-ae6c-3a928db5bc87",
   "metadata": {},
   "source": [
    "## Some EDA"
   ]
  },
  {
   "cell_type": "markdown",
   "id": "8ce6fcca-05a0-4e04-a87a-ee4dc0f3daad",
   "metadata": {},
   "source": [
    "### Basic checks on data"
   ]
  },
  {
   "cell_type": "code",
   "execution_count": 33,
   "id": "7fa3271f-23d1-4872-9fe4-4f04ede60d2e",
   "metadata": {},
   "outputs": [
    {
     "name": "stdout",
     "output_type": "stream",
     "text": [
      "<class 'pandas.core.frame.DataFrame'>\n",
      "RangeIndex: 506 entries, 0 to 505\n",
      "Data columns (total 14 columns):\n",
      " #   Column   Non-Null Count  Dtype  \n",
      "---  ------   --------------  -----  \n",
      " 0   CRIM     506 non-null    float64\n",
      " 1   ZN       506 non-null    float64\n",
      " 2   INDUS    506 non-null    float64\n",
      " 3   CHAS     506 non-null    float64\n",
      " 4   NOX      506 non-null    float64\n",
      " 5   RM       506 non-null    float64\n",
      " 6   AGE      506 non-null    float64\n",
      " 7   DIS      506 non-null    float64\n",
      " 8   RAD      506 non-null    float64\n",
      " 9   TAX      506 non-null    float64\n",
      " 10  PTRATIO  506 non-null    float64\n",
      " 11  B        506 non-null    float64\n",
      " 12  LSTAT    506 non-null    float64\n",
      " 13  MEDV     506 non-null    float64\n",
      "dtypes: float64(14)\n",
      "memory usage: 55.5 KB\n"
     ]
    }
   ],
   "source": [
    "data.info()"
   ]
  },
  {
   "cell_type": "markdown",
   "id": "a08912f0-65c5-4db4-b154-600d6fe5134b",
   "metadata": {},
   "source": [
    "### Correlation matrix"
   ]
  },
  {
   "cell_type": "code",
   "execution_count": 28,
   "id": "4d51c6b3-f3df-4475-9473-53e46e390e6f",
   "metadata": {},
   "outputs": [
    {
     "data": {
      "application/vnd.plotly.v1+json": {
       "config": {
        "plotlyServerURL": "https://plot.ly"
       },
       "data": [
        {
         "colorscale": [
          [
           0,
           "rgb(103,0,31)"
          ],
          [
           0.1,
           "rgb(178,24,43)"
          ],
          [
           0.2,
           "rgb(214,96,77)"
          ],
          [
           0.3,
           "rgb(244,165,130)"
          ],
          [
           0.4,
           "rgb(253,219,199)"
          ],
          [
           0.5,
           "rgb(247,247,247)"
          ],
          [
           0.6,
           "rgb(209,229,240)"
          ],
          [
           0.7,
           "rgb(146,197,222)"
          ],
          [
           0.8,
           "rgb(67,147,195)"
          ],
          [
           0.9,
           "rgb(33,102,172)"
          ],
          [
           1,
           "rgb(5,48,97)"
          ]
         ],
         "hoverinfo": "z",
         "reversescale": false,
         "showscale": false,
         "type": "heatmap",
         "x": [
          "CRIM",
          "ZN",
          "INDUS",
          "CHAS",
          "NOX",
          "RM",
          "AGE",
          "DIS",
          "RAD",
          "TAX",
          "PTRATIO",
          "B",
          "LSTAT",
          "MEDV"
         ],
         "y": [
          "CRIM",
          "ZN",
          "INDUS",
          "CHAS",
          "NOX",
          "RM",
          "AGE",
          "DIS",
          "RAD",
          "TAX",
          "PTRATIO",
          "B",
          "LSTAT",
          "MEDV"
         ],
         "z": [
          [
           1,
           -0.20046921966254744,
           0.4065834114062594,
           -0.05589158222224156,
           0.4209717113924554,
           -0.21924670286251308,
           0.3527342509013634,
           -0.37967008695102467,
           0.6255051452626024,
           0.5827643120325854,
           0.2899455792795226,
           -0.3850639419942239,
           0.4556214794479463,
           -0.38830460858681154
          ],
          [
           -0.20046921966254744,
           1,
           -0.5338281863044696,
           -0.04269671929612169,
           -0.5166037078279843,
           0.31199058737409047,
           -0.5695373420992109,
           0.6644082227621105,
           -0.3119478260185367,
           -0.3145633246775997,
           -0.3916785479362161,
           0.1755203173828273,
           -0.41299457452700283,
           0.3604453424505433
          ],
          [
           0.4065834114062594,
           -0.5338281863044696,
           1,
           0.06293802748966515,
           0.7636514469209139,
           -0.39167585265684274,
           0.6447785113552554,
           -0.7080269887427675,
           0.5951292746038485,
           0.7207601799515422,
           0.38324755642888936,
           -0.3569765351041928,
           0.603799716476621,
           -0.48372516002837274
          ],
          [
           -0.05589158222224156,
           -0.04269671929612169,
           0.06293802748966515,
           1,
           0.09120280684249558,
           0.09125122504345677,
           0.08651777425454328,
           -0.09917578017472799,
           -0.00736824088607757,
           -0.03558651758591146,
           -0.12151517365806228,
           0.048788484955166495,
           -0.05392929837569424,
           0.17526017719029868
          ],
          [
           0.4209717113924554,
           -0.5166037078279843,
           0.7636514469209139,
           0.09120280684249558,
           1,
           -0.3021881878495924,
           0.7314701037859592,
           -0.7692301132258282,
           0.6114405634855762,
           0.6680232004030217,
           0.18893267711276884,
           -0.3800506377924,
           0.5908789208808451,
           -0.42732077237328203
          ],
          [
           -0.21924670286251308,
           0.31199058737409047,
           -0.39167585265684274,
           0.09125122504345677,
           -0.3021881878495924,
           1,
           -0.24026493104775065,
           0.20524621293005416,
           -0.20984666776610833,
           -0.2920478326232189,
           -0.35550149455908525,
           0.1280686350925421,
           -0.6138082718663955,
           0.6953599470715401
          ],
          [
           0.3527342509013634,
           -0.5695373420992109,
           0.6447785113552554,
           0.08651777425454328,
           0.7314701037859592,
           -0.24026493104775065,
           1,
           -0.747880540868632,
           0.4560224517516137,
           0.5064555935507051,
           0.2615150116719584,
           -0.273533976638513,
           0.6023385287262395,
           -0.3769545650045961
          ],
          [
           -0.37967008695102467,
           0.6644082227621105,
           -0.7080269887427675,
           -0.09917578017472799,
           -0.7692301132258282,
           0.20524621293005416,
           -0.747880540868632,
           1,
           -0.4945879296720758,
           -0.5344315844084577,
           -0.23247054240825826,
           0.2915116731330399,
           -0.4969958308636848,
           0.249928734085904
          ],
          [
           0.6255051452626024,
           -0.3119478260185367,
           0.5951292746038485,
           -0.00736824088607757,
           0.6114405634855762,
           -0.20984666776610833,
           0.4560224517516137,
           -0.4945879296720758,
           1,
           0.9102281885331865,
           0.46474117850306057,
           -0.44441281557512585,
           0.4886763349750666,
           -0.38162623063977735
          ],
          [
           0.5827643120325854,
           -0.3145633246775997,
           0.7207601799515422,
           -0.03558651758591146,
           0.6680232004030217,
           -0.2920478326232189,
           0.5064555935507051,
           -0.5344315844084577,
           0.9102281885331865,
           1,
           0.4608530350656702,
           -0.44180800672281423,
           0.5439934120015698,
           -0.4685359335677667
          ],
          [
           0.2899455792795226,
           -0.3916785479362161,
           0.38324755642888936,
           -0.12151517365806228,
           0.18893267711276884,
           -0.35550149455908525,
           0.2615150116719584,
           -0.23247054240825826,
           0.46474117850306057,
           0.4608530350656702,
           1,
           -0.1773833023052333,
           0.3740443167146772,
           -0.5077866855375623
          ],
          [
           -0.3850639419942239,
           0.1755203173828273,
           -0.3569765351041928,
           0.048788484955166495,
           -0.3800506377924,
           0.1280686350925421,
           -0.273533976638513,
           0.2915116731330399,
           -0.44441281557512585,
           -0.44180800672281423,
           -0.1773833023052333,
           1,
           -0.36608690169159663,
           0.3334608196570662
          ],
          [
           0.4556214794479463,
           -0.41299457452700283,
           0.603799716476621,
           -0.05392929837569424,
           0.5908789208808451,
           -0.6138082718663955,
           0.6023385287262395,
           -0.4969958308636848,
           0.4886763349750666,
           0.5439934120015698,
           0.3740443167146772,
           -0.36608690169159663,
           1,
           -0.7376627261740145
          ],
          [
           -0.38830460858681154,
           0.3604453424505433,
           -0.48372516002837274,
           0.17526017719029868,
           -0.42732077237328203,
           0.6953599470715401,
           -0.3769545650045961,
           0.249928734085904,
           -0.38162623063977735,
           -0.4685359335677667,
           -0.5077866855375623,
           0.3334608196570662,
           -0.7376627261740145,
           1
          ]
         ]
        }
       ],
       "layout": {
        "annotations": [
         {
          "font": {
           "color": "#FFFFFF"
          },
          "showarrow": false,
          "text": "1.0",
          "x": "CRIM",
          "xref": "x",
          "y": "CRIM",
          "yref": "y"
         },
         {
          "font": {
           "color": "#FFFFFF"
          },
          "showarrow": false,
          "text": "-0.2",
          "x": "ZN",
          "xref": "x",
          "y": "CRIM",
          "yref": "y"
         },
         {
          "font": {
           "color": "#FFFFFF"
          },
          "showarrow": false,
          "text": "0.41",
          "x": "INDUS",
          "xref": "x",
          "y": "CRIM",
          "yref": "y"
         },
         {
          "font": {
           "color": "#FFFFFF"
          },
          "showarrow": false,
          "text": "-0.06",
          "x": "CHAS",
          "xref": "x",
          "y": "CRIM",
          "yref": "y"
         },
         {
          "font": {
           "color": "#FFFFFF"
          },
          "showarrow": false,
          "text": "0.42",
          "x": "NOX",
          "xref": "x",
          "y": "CRIM",
          "yref": "y"
         },
         {
          "font": {
           "color": "#FFFFFF"
          },
          "showarrow": false,
          "text": "-0.22",
          "x": "RM",
          "xref": "x",
          "y": "CRIM",
          "yref": "y"
         },
         {
          "font": {
           "color": "#FFFFFF"
          },
          "showarrow": false,
          "text": "0.35",
          "x": "AGE",
          "xref": "x",
          "y": "CRIM",
          "yref": "y"
         },
         {
          "font": {
           "color": "#FFFFFF"
          },
          "showarrow": false,
          "text": "-0.38",
          "x": "DIS",
          "xref": "x",
          "y": "CRIM",
          "yref": "y"
         },
         {
          "font": {
           "color": "#FFFFFF"
          },
          "showarrow": false,
          "text": "0.63",
          "x": "RAD",
          "xref": "x",
          "y": "CRIM",
          "yref": "y"
         },
         {
          "font": {
           "color": "#FFFFFF"
          },
          "showarrow": false,
          "text": "0.58",
          "x": "TAX",
          "xref": "x",
          "y": "CRIM",
          "yref": "y"
         },
         {
          "font": {
           "color": "#FFFFFF"
          },
          "showarrow": false,
          "text": "0.29",
          "x": "PTRATIO",
          "xref": "x",
          "y": "CRIM",
          "yref": "y"
         },
         {
          "font": {
           "color": "#FFFFFF"
          },
          "showarrow": false,
          "text": "-0.39",
          "x": "B",
          "xref": "x",
          "y": "CRIM",
          "yref": "y"
         },
         {
          "font": {
           "color": "#FFFFFF"
          },
          "showarrow": false,
          "text": "0.46",
          "x": "LSTAT",
          "xref": "x",
          "y": "CRIM",
          "yref": "y"
         },
         {
          "font": {
           "color": "#FFFFFF"
          },
          "showarrow": false,
          "text": "-0.39",
          "x": "MEDV",
          "xref": "x",
          "y": "CRIM",
          "yref": "y"
         },
         {
          "font": {
           "color": "#FFFFFF"
          },
          "showarrow": false,
          "text": "-0.2",
          "x": "CRIM",
          "xref": "x",
          "y": "ZN",
          "yref": "y"
         },
         {
          "font": {
           "color": "#FFFFFF"
          },
          "showarrow": false,
          "text": "1.0",
          "x": "ZN",
          "xref": "x",
          "y": "ZN",
          "yref": "y"
         },
         {
          "font": {
           "color": "#FFFFFF"
          },
          "showarrow": false,
          "text": "-0.53",
          "x": "INDUS",
          "xref": "x",
          "y": "ZN",
          "yref": "y"
         },
         {
          "font": {
           "color": "#FFFFFF"
          },
          "showarrow": false,
          "text": "-0.04",
          "x": "CHAS",
          "xref": "x",
          "y": "ZN",
          "yref": "y"
         },
         {
          "font": {
           "color": "#FFFFFF"
          },
          "showarrow": false,
          "text": "-0.52",
          "x": "NOX",
          "xref": "x",
          "y": "ZN",
          "yref": "y"
         },
         {
          "font": {
           "color": "#FFFFFF"
          },
          "showarrow": false,
          "text": "0.31",
          "x": "RM",
          "xref": "x",
          "y": "ZN",
          "yref": "y"
         },
         {
          "font": {
           "color": "#FFFFFF"
          },
          "showarrow": false,
          "text": "-0.57",
          "x": "AGE",
          "xref": "x",
          "y": "ZN",
          "yref": "y"
         },
         {
          "font": {
           "color": "#FFFFFF"
          },
          "showarrow": false,
          "text": "0.66",
          "x": "DIS",
          "xref": "x",
          "y": "ZN",
          "yref": "y"
         },
         {
          "font": {
           "color": "#FFFFFF"
          },
          "showarrow": false,
          "text": "-0.31",
          "x": "RAD",
          "xref": "x",
          "y": "ZN",
          "yref": "y"
         },
         {
          "font": {
           "color": "#FFFFFF"
          },
          "showarrow": false,
          "text": "-0.31",
          "x": "TAX",
          "xref": "x",
          "y": "ZN",
          "yref": "y"
         },
         {
          "font": {
           "color": "#FFFFFF"
          },
          "showarrow": false,
          "text": "-0.39",
          "x": "PTRATIO",
          "xref": "x",
          "y": "ZN",
          "yref": "y"
         },
         {
          "font": {
           "color": "#FFFFFF"
          },
          "showarrow": false,
          "text": "0.18",
          "x": "B",
          "xref": "x",
          "y": "ZN",
          "yref": "y"
         },
         {
          "font": {
           "color": "#FFFFFF"
          },
          "showarrow": false,
          "text": "-0.41",
          "x": "LSTAT",
          "xref": "x",
          "y": "ZN",
          "yref": "y"
         },
         {
          "font": {
           "color": "#FFFFFF"
          },
          "showarrow": false,
          "text": "0.36",
          "x": "MEDV",
          "xref": "x",
          "y": "ZN",
          "yref": "y"
         },
         {
          "font": {
           "color": "#FFFFFF"
          },
          "showarrow": false,
          "text": "0.41",
          "x": "CRIM",
          "xref": "x",
          "y": "INDUS",
          "yref": "y"
         },
         {
          "font": {
           "color": "#FFFFFF"
          },
          "showarrow": false,
          "text": "-0.53",
          "x": "ZN",
          "xref": "x",
          "y": "INDUS",
          "yref": "y"
         },
         {
          "font": {
           "color": "#FFFFFF"
          },
          "showarrow": false,
          "text": "1.0",
          "x": "INDUS",
          "xref": "x",
          "y": "INDUS",
          "yref": "y"
         },
         {
          "font": {
           "color": "#FFFFFF"
          },
          "showarrow": false,
          "text": "0.06",
          "x": "CHAS",
          "xref": "x",
          "y": "INDUS",
          "yref": "y"
         },
         {
          "font": {
           "color": "#FFFFFF"
          },
          "showarrow": false,
          "text": "0.76",
          "x": "NOX",
          "xref": "x",
          "y": "INDUS",
          "yref": "y"
         },
         {
          "font": {
           "color": "#FFFFFF"
          },
          "showarrow": false,
          "text": "-0.39",
          "x": "RM",
          "xref": "x",
          "y": "INDUS",
          "yref": "y"
         },
         {
          "font": {
           "color": "#FFFFFF"
          },
          "showarrow": false,
          "text": "0.64",
          "x": "AGE",
          "xref": "x",
          "y": "INDUS",
          "yref": "y"
         },
         {
          "font": {
           "color": "#FFFFFF"
          },
          "showarrow": false,
          "text": "-0.71",
          "x": "DIS",
          "xref": "x",
          "y": "INDUS",
          "yref": "y"
         },
         {
          "font": {
           "color": "#FFFFFF"
          },
          "showarrow": false,
          "text": "0.6",
          "x": "RAD",
          "xref": "x",
          "y": "INDUS",
          "yref": "y"
         },
         {
          "font": {
           "color": "#FFFFFF"
          },
          "showarrow": false,
          "text": "0.72",
          "x": "TAX",
          "xref": "x",
          "y": "INDUS",
          "yref": "y"
         },
         {
          "font": {
           "color": "#FFFFFF"
          },
          "showarrow": false,
          "text": "0.38",
          "x": "PTRATIO",
          "xref": "x",
          "y": "INDUS",
          "yref": "y"
         },
         {
          "font": {
           "color": "#FFFFFF"
          },
          "showarrow": false,
          "text": "-0.36",
          "x": "B",
          "xref": "x",
          "y": "INDUS",
          "yref": "y"
         },
         {
          "font": {
           "color": "#FFFFFF"
          },
          "showarrow": false,
          "text": "0.6",
          "x": "LSTAT",
          "xref": "x",
          "y": "INDUS",
          "yref": "y"
         },
         {
          "font": {
           "color": "#FFFFFF"
          },
          "showarrow": false,
          "text": "-0.48",
          "x": "MEDV",
          "xref": "x",
          "y": "INDUS",
          "yref": "y"
         },
         {
          "font": {
           "color": "#FFFFFF"
          },
          "showarrow": false,
          "text": "-0.06",
          "x": "CRIM",
          "xref": "x",
          "y": "CHAS",
          "yref": "y"
         },
         {
          "font": {
           "color": "#FFFFFF"
          },
          "showarrow": false,
          "text": "-0.04",
          "x": "ZN",
          "xref": "x",
          "y": "CHAS",
          "yref": "y"
         },
         {
          "font": {
           "color": "#FFFFFF"
          },
          "showarrow": false,
          "text": "0.06",
          "x": "INDUS",
          "xref": "x",
          "y": "CHAS",
          "yref": "y"
         },
         {
          "font": {
           "color": "#FFFFFF"
          },
          "showarrow": false,
          "text": "1.0",
          "x": "CHAS",
          "xref": "x",
          "y": "CHAS",
          "yref": "y"
         },
         {
          "font": {
           "color": "#FFFFFF"
          },
          "showarrow": false,
          "text": "0.09",
          "x": "NOX",
          "xref": "x",
          "y": "CHAS",
          "yref": "y"
         },
         {
          "font": {
           "color": "#FFFFFF"
          },
          "showarrow": false,
          "text": "0.09",
          "x": "RM",
          "xref": "x",
          "y": "CHAS",
          "yref": "y"
         },
         {
          "font": {
           "color": "#FFFFFF"
          },
          "showarrow": false,
          "text": "0.09",
          "x": "AGE",
          "xref": "x",
          "y": "CHAS",
          "yref": "y"
         },
         {
          "font": {
           "color": "#FFFFFF"
          },
          "showarrow": false,
          "text": "-0.1",
          "x": "DIS",
          "xref": "x",
          "y": "CHAS",
          "yref": "y"
         },
         {
          "font": {
           "color": "#FFFFFF"
          },
          "showarrow": false,
          "text": "-0.01",
          "x": "RAD",
          "xref": "x",
          "y": "CHAS",
          "yref": "y"
         },
         {
          "font": {
           "color": "#FFFFFF"
          },
          "showarrow": false,
          "text": "-0.04",
          "x": "TAX",
          "xref": "x",
          "y": "CHAS",
          "yref": "y"
         },
         {
          "font": {
           "color": "#FFFFFF"
          },
          "showarrow": false,
          "text": "-0.12",
          "x": "PTRATIO",
          "xref": "x",
          "y": "CHAS",
          "yref": "y"
         },
         {
          "font": {
           "color": "#FFFFFF"
          },
          "showarrow": false,
          "text": "0.05",
          "x": "B",
          "xref": "x",
          "y": "CHAS",
          "yref": "y"
         },
         {
          "font": {
           "color": "#FFFFFF"
          },
          "showarrow": false,
          "text": "-0.05",
          "x": "LSTAT",
          "xref": "x",
          "y": "CHAS",
          "yref": "y"
         },
         {
          "font": {
           "color": "#FFFFFF"
          },
          "showarrow": false,
          "text": "0.18",
          "x": "MEDV",
          "xref": "x",
          "y": "CHAS",
          "yref": "y"
         },
         {
          "font": {
           "color": "#FFFFFF"
          },
          "showarrow": false,
          "text": "0.42",
          "x": "CRIM",
          "xref": "x",
          "y": "NOX",
          "yref": "y"
         },
         {
          "font": {
           "color": "#FFFFFF"
          },
          "showarrow": false,
          "text": "-0.52",
          "x": "ZN",
          "xref": "x",
          "y": "NOX",
          "yref": "y"
         },
         {
          "font": {
           "color": "#FFFFFF"
          },
          "showarrow": false,
          "text": "0.76",
          "x": "INDUS",
          "xref": "x",
          "y": "NOX",
          "yref": "y"
         },
         {
          "font": {
           "color": "#FFFFFF"
          },
          "showarrow": false,
          "text": "0.09",
          "x": "CHAS",
          "xref": "x",
          "y": "NOX",
          "yref": "y"
         },
         {
          "font": {
           "color": "#FFFFFF"
          },
          "showarrow": false,
          "text": "1.0",
          "x": "NOX",
          "xref": "x",
          "y": "NOX",
          "yref": "y"
         },
         {
          "font": {
           "color": "#FFFFFF"
          },
          "showarrow": false,
          "text": "-0.3",
          "x": "RM",
          "xref": "x",
          "y": "NOX",
          "yref": "y"
         },
         {
          "font": {
           "color": "#FFFFFF"
          },
          "showarrow": false,
          "text": "0.73",
          "x": "AGE",
          "xref": "x",
          "y": "NOX",
          "yref": "y"
         },
         {
          "font": {
           "color": "#FFFFFF"
          },
          "showarrow": false,
          "text": "-0.77",
          "x": "DIS",
          "xref": "x",
          "y": "NOX",
          "yref": "y"
         },
         {
          "font": {
           "color": "#FFFFFF"
          },
          "showarrow": false,
          "text": "0.61",
          "x": "RAD",
          "xref": "x",
          "y": "NOX",
          "yref": "y"
         },
         {
          "font": {
           "color": "#FFFFFF"
          },
          "showarrow": false,
          "text": "0.67",
          "x": "TAX",
          "xref": "x",
          "y": "NOX",
          "yref": "y"
         },
         {
          "font": {
           "color": "#FFFFFF"
          },
          "showarrow": false,
          "text": "0.19",
          "x": "PTRATIO",
          "xref": "x",
          "y": "NOX",
          "yref": "y"
         },
         {
          "font": {
           "color": "#FFFFFF"
          },
          "showarrow": false,
          "text": "-0.38",
          "x": "B",
          "xref": "x",
          "y": "NOX",
          "yref": "y"
         },
         {
          "font": {
           "color": "#FFFFFF"
          },
          "showarrow": false,
          "text": "0.59",
          "x": "LSTAT",
          "xref": "x",
          "y": "NOX",
          "yref": "y"
         },
         {
          "font": {
           "color": "#FFFFFF"
          },
          "showarrow": false,
          "text": "-0.43",
          "x": "MEDV",
          "xref": "x",
          "y": "NOX",
          "yref": "y"
         },
         {
          "font": {
           "color": "#FFFFFF"
          },
          "showarrow": false,
          "text": "-0.22",
          "x": "CRIM",
          "xref": "x",
          "y": "RM",
          "yref": "y"
         },
         {
          "font": {
           "color": "#FFFFFF"
          },
          "showarrow": false,
          "text": "0.31",
          "x": "ZN",
          "xref": "x",
          "y": "RM",
          "yref": "y"
         },
         {
          "font": {
           "color": "#FFFFFF"
          },
          "showarrow": false,
          "text": "-0.39",
          "x": "INDUS",
          "xref": "x",
          "y": "RM",
          "yref": "y"
         },
         {
          "font": {
           "color": "#FFFFFF"
          },
          "showarrow": false,
          "text": "0.09",
          "x": "CHAS",
          "xref": "x",
          "y": "RM",
          "yref": "y"
         },
         {
          "font": {
           "color": "#FFFFFF"
          },
          "showarrow": false,
          "text": "-0.3",
          "x": "NOX",
          "xref": "x",
          "y": "RM",
          "yref": "y"
         },
         {
          "font": {
           "color": "#FFFFFF"
          },
          "showarrow": false,
          "text": "1.0",
          "x": "RM",
          "xref": "x",
          "y": "RM",
          "yref": "y"
         },
         {
          "font": {
           "color": "#FFFFFF"
          },
          "showarrow": false,
          "text": "-0.24",
          "x": "AGE",
          "xref": "x",
          "y": "RM",
          "yref": "y"
         },
         {
          "font": {
           "color": "#FFFFFF"
          },
          "showarrow": false,
          "text": "0.21",
          "x": "DIS",
          "xref": "x",
          "y": "RM",
          "yref": "y"
         },
         {
          "font": {
           "color": "#FFFFFF"
          },
          "showarrow": false,
          "text": "-0.21",
          "x": "RAD",
          "xref": "x",
          "y": "RM",
          "yref": "y"
         },
         {
          "font": {
           "color": "#FFFFFF"
          },
          "showarrow": false,
          "text": "-0.29",
          "x": "TAX",
          "xref": "x",
          "y": "RM",
          "yref": "y"
         },
         {
          "font": {
           "color": "#FFFFFF"
          },
          "showarrow": false,
          "text": "-0.36",
          "x": "PTRATIO",
          "xref": "x",
          "y": "RM",
          "yref": "y"
         },
         {
          "font": {
           "color": "#FFFFFF"
          },
          "showarrow": false,
          "text": "0.13",
          "x": "B",
          "xref": "x",
          "y": "RM",
          "yref": "y"
         },
         {
          "font": {
           "color": "#FFFFFF"
          },
          "showarrow": false,
          "text": "-0.61",
          "x": "LSTAT",
          "xref": "x",
          "y": "RM",
          "yref": "y"
         },
         {
          "font": {
           "color": "#FFFFFF"
          },
          "showarrow": false,
          "text": "0.7",
          "x": "MEDV",
          "xref": "x",
          "y": "RM",
          "yref": "y"
         },
         {
          "font": {
           "color": "#FFFFFF"
          },
          "showarrow": false,
          "text": "0.35",
          "x": "CRIM",
          "xref": "x",
          "y": "AGE",
          "yref": "y"
         },
         {
          "font": {
           "color": "#FFFFFF"
          },
          "showarrow": false,
          "text": "-0.57",
          "x": "ZN",
          "xref": "x",
          "y": "AGE",
          "yref": "y"
         },
         {
          "font": {
           "color": "#FFFFFF"
          },
          "showarrow": false,
          "text": "0.64",
          "x": "INDUS",
          "xref": "x",
          "y": "AGE",
          "yref": "y"
         },
         {
          "font": {
           "color": "#FFFFFF"
          },
          "showarrow": false,
          "text": "0.09",
          "x": "CHAS",
          "xref": "x",
          "y": "AGE",
          "yref": "y"
         },
         {
          "font": {
           "color": "#FFFFFF"
          },
          "showarrow": false,
          "text": "0.73",
          "x": "NOX",
          "xref": "x",
          "y": "AGE",
          "yref": "y"
         },
         {
          "font": {
           "color": "#FFFFFF"
          },
          "showarrow": false,
          "text": "-0.24",
          "x": "RM",
          "xref": "x",
          "y": "AGE",
          "yref": "y"
         },
         {
          "font": {
           "color": "#FFFFFF"
          },
          "showarrow": false,
          "text": "1.0",
          "x": "AGE",
          "xref": "x",
          "y": "AGE",
          "yref": "y"
         },
         {
          "font": {
           "color": "#FFFFFF"
          },
          "showarrow": false,
          "text": "-0.75",
          "x": "DIS",
          "xref": "x",
          "y": "AGE",
          "yref": "y"
         },
         {
          "font": {
           "color": "#FFFFFF"
          },
          "showarrow": false,
          "text": "0.46",
          "x": "RAD",
          "xref": "x",
          "y": "AGE",
          "yref": "y"
         },
         {
          "font": {
           "color": "#FFFFFF"
          },
          "showarrow": false,
          "text": "0.51",
          "x": "TAX",
          "xref": "x",
          "y": "AGE",
          "yref": "y"
         },
         {
          "font": {
           "color": "#FFFFFF"
          },
          "showarrow": false,
          "text": "0.26",
          "x": "PTRATIO",
          "xref": "x",
          "y": "AGE",
          "yref": "y"
         },
         {
          "font": {
           "color": "#FFFFFF"
          },
          "showarrow": false,
          "text": "-0.27",
          "x": "B",
          "xref": "x",
          "y": "AGE",
          "yref": "y"
         },
         {
          "font": {
           "color": "#FFFFFF"
          },
          "showarrow": false,
          "text": "0.6",
          "x": "LSTAT",
          "xref": "x",
          "y": "AGE",
          "yref": "y"
         },
         {
          "font": {
           "color": "#FFFFFF"
          },
          "showarrow": false,
          "text": "-0.38",
          "x": "MEDV",
          "xref": "x",
          "y": "AGE",
          "yref": "y"
         },
         {
          "font": {
           "color": "#FFFFFF"
          },
          "showarrow": false,
          "text": "-0.38",
          "x": "CRIM",
          "xref": "x",
          "y": "DIS",
          "yref": "y"
         },
         {
          "font": {
           "color": "#FFFFFF"
          },
          "showarrow": false,
          "text": "0.66",
          "x": "ZN",
          "xref": "x",
          "y": "DIS",
          "yref": "y"
         },
         {
          "font": {
           "color": "#FFFFFF"
          },
          "showarrow": false,
          "text": "-0.71",
          "x": "INDUS",
          "xref": "x",
          "y": "DIS",
          "yref": "y"
         },
         {
          "font": {
           "color": "#FFFFFF"
          },
          "showarrow": false,
          "text": "-0.1",
          "x": "CHAS",
          "xref": "x",
          "y": "DIS",
          "yref": "y"
         },
         {
          "font": {
           "color": "#FFFFFF"
          },
          "showarrow": false,
          "text": "-0.77",
          "x": "NOX",
          "xref": "x",
          "y": "DIS",
          "yref": "y"
         },
         {
          "font": {
           "color": "#FFFFFF"
          },
          "showarrow": false,
          "text": "0.21",
          "x": "RM",
          "xref": "x",
          "y": "DIS",
          "yref": "y"
         },
         {
          "font": {
           "color": "#FFFFFF"
          },
          "showarrow": false,
          "text": "-0.75",
          "x": "AGE",
          "xref": "x",
          "y": "DIS",
          "yref": "y"
         },
         {
          "font": {
           "color": "#FFFFFF"
          },
          "showarrow": false,
          "text": "1.0",
          "x": "DIS",
          "xref": "x",
          "y": "DIS",
          "yref": "y"
         },
         {
          "font": {
           "color": "#FFFFFF"
          },
          "showarrow": false,
          "text": "-0.49",
          "x": "RAD",
          "xref": "x",
          "y": "DIS",
          "yref": "y"
         },
         {
          "font": {
           "color": "#FFFFFF"
          },
          "showarrow": false,
          "text": "-0.53",
          "x": "TAX",
          "xref": "x",
          "y": "DIS",
          "yref": "y"
         },
         {
          "font": {
           "color": "#FFFFFF"
          },
          "showarrow": false,
          "text": "-0.23",
          "x": "PTRATIO",
          "xref": "x",
          "y": "DIS",
          "yref": "y"
         },
         {
          "font": {
           "color": "#FFFFFF"
          },
          "showarrow": false,
          "text": "0.29",
          "x": "B",
          "xref": "x",
          "y": "DIS",
          "yref": "y"
         },
         {
          "font": {
           "color": "#FFFFFF"
          },
          "showarrow": false,
          "text": "-0.5",
          "x": "LSTAT",
          "xref": "x",
          "y": "DIS",
          "yref": "y"
         },
         {
          "font": {
           "color": "#FFFFFF"
          },
          "showarrow": false,
          "text": "0.25",
          "x": "MEDV",
          "xref": "x",
          "y": "DIS",
          "yref": "y"
         },
         {
          "font": {
           "color": "#FFFFFF"
          },
          "showarrow": false,
          "text": "0.63",
          "x": "CRIM",
          "xref": "x",
          "y": "RAD",
          "yref": "y"
         },
         {
          "font": {
           "color": "#FFFFFF"
          },
          "showarrow": false,
          "text": "-0.31",
          "x": "ZN",
          "xref": "x",
          "y": "RAD",
          "yref": "y"
         },
         {
          "font": {
           "color": "#FFFFFF"
          },
          "showarrow": false,
          "text": "0.6",
          "x": "INDUS",
          "xref": "x",
          "y": "RAD",
          "yref": "y"
         },
         {
          "font": {
           "color": "#FFFFFF"
          },
          "showarrow": false,
          "text": "-0.01",
